3
2.99699849924963
2.99399699849925
2.99099549774887
2.98799399699850
2.98499249624812
2.98199099549775
2.97898949474737
2.97598799399700
2.97298649324662
2.96998499249625
2.96698349174587
2.96398199099550
2.96098049024512
2.95797898949475
2.95497748874437
2.95197598799400
2.94897448724362
2.94597298649325
2.94297148574287
2.93996998499250
2.93696848424212
2.93396698349175
2.93096548274137
2.92796398199100
2.92496248124062
2.92196098049025
2.91895947973987
2.91595797898950
2.91295647823912
2.90995497748874
2.90695347673837
2.90395197598799
2.90095047523762
2.89794897448724
2.89494747373687
2.89194597298649
2.88894447223612
2.88594297148574
2.88294147073537
2.87993996998499
2.87693846923462
2.87393696848424
2.87093546773387
2.86793396698349
2.86493246623312
2.86193096548274
2.85892946473237
2.85592796398199
2.85292646323162
2.84992496248124
2.84692346173087
2.84392196098049
2.84092046023012
2.83791895947974
2.83491745872936
2.83191595797899
2.82891445722861
2.82591295647824
2.82291145572786
2.81990995497749
2.81690845422711
2.81390695347674
2.81090545272636
2.80790395197599
2.80490245122561
2.80190095047524
2.79889944972486
2.79589794897449
2.79289644822411
2.78989494747374
2.78689344672336
2.78389194597299
2.78089044522261
2.77788894447224
2.77488744372186
2.77188594297149
2.76888444222111
2.76588294147074
2.76288144072036
2.75987993996999
2.75687843921961
2.75387693846923
2.75087543771886
2.74787393696848
2.74487243621811
2.74187093546773
2.73886943471736
2.73586793396698
2.73286643321661
2.72986493246623
2.72686343171586
2.72386193096548
2.72086043021511
2.71785892946473
2.71485742871436
2.71185592796398
2.70885442721361
2.70585292646323
2.70285142571286
2.69984992496248
2.69684842421211
2.69384692346173
2.69084542271136
2.68784392196098
2.68484242121061
2.68184092046023
2.67883941970986
2.67583791895948
2.67283641820910
2.66983491745873
2.66683341670835
2.66383191595798
2.66083041520760
2.65782891445723
2.65482741370685
2.65182591295648
2.64882441220610
2.64582291145573
2.64282141070535
2.63981990995498
2.63681840920460
2.63381690845423
2.63081540770385
2.62781390695348
2.62481240620310
2.62181090545273
2.61880940470235
2.61580790395198
2.61280640320160
2.60980490245123
2.60680340170085
2.60380190095048
2.60080040020010
2.59779889944973
2.59479739869935
2.59179589794897
2.58879439719860
2.58579289644822
2.58279139569785
2.57978989494747
2.57678839419710
2.57378689344672
2.57078539269635
2.56778389194597
2.56478239119560
2.56178089044522
2.55877938969485
2.55577788894447
2.55277638819410
2.54977488744372
2.54677338669335
2.54377188594297
2.54077038519260
2.53776888444222
2.53476738369185
2.53176588294147
2.52876438219110
2.52576288144072
2.52276138069035
2.51975987993997
2.51675837918959
2.51375687843922
2.51075537768884
2.50775387693847
2.50475237618809
2.50175087543772
2.49874937468734
2.49574787393697
2.49274637318659
2.48974487243622
2.48674337168584
2.48374187093547
2.48074037018509
2.47773886943472
2.47473736868434
2.47173586793397
2.46873436718359
2.46573286643322
2.46273136568284
2.45972986493247
2.45672836418209
2.45372686343172
2.45072536268134
2.44772386193097
2.44472236118059
2.44172086043022
2.43871935967984
2.43571785892947
2.43271635817909
2.42971485742871
2.42671335667834
2.42371185592796
2.42071035517759
2.41770885442721
2.41470735367684
2.41170585292646
2.40870435217609
2.40570285142571
2.40270135067534
2.39969984992496
2.39669834917459
2.39369684842421
2.39069534767384
2.38769384692346
2.38469234617309
2.38169084542271
2.37868934467234
2.37568784392196
2.37268634317159
2.36968484242121
2.36668334167084
2.36368184092046
2.36068034017009
2.35767883941971
2.35467733866934
2.35167583791896
2.34867433716858
2.34567283641821
2.34267133566783
2.33966983491746
2.33666833416708
2.33366683341671
2.33066533266633
2.32766383191596
2.32466233116558
2.32166083041521
2.31865932966483
2.31565782891446
2.31265632816408
2.30965482741371
2.30665332666333
2.30365182591296
2.30065032516258
2.29764882441221
2.29464732366183
2.29164582291146
2.28864432216108
2.28564282141071
2.28264132066033
2.27963981990996
2.27663831915958
2.27363681840920
2.27063531765883
2.26763381690845
2.26463231615808
2.26163081540770
2.25862931465733
2.25562781390695
2.25262631315658
2.24962481240620
2.24662331165583
2.24362181090545
2.24062031015508
2.23761880940470
2.23461730865433
2.23161580790395
2.22861430715358
2.22561280640320
2.22261130565283
2.21960980490245
2.21660830415208
2.21360680340170
2.21060530265133
2.20760380190095
2.20460230115058
2.20160080040020
2.19859929964982
2.19559779889945
2.19259629814907
2.18959479739870
2.18659329664832
2.18359179589795
2.18059029514757
2.17758879439720
2.17458729364682
2.17158579289645
2.16858429214607
2.16558279139570
2.16258129064532
2.15957978989495
2.15657828914457
2.15357678839420
2.15057528764382
2.14757378689345
2.14457228614307
2.14157078539270
2.13856928464232
2.13556778389195
2.13256628314157
2.12956478239120
2.12656328164082
2.12356178089045
2.12056028014007
2.11755877938970
2.11455727863932
2.11155577788894
2.10855427713857
2.10555277638819
2.10255127563782
2.09954977488744
2.09654827413707
2.09354677338669
2.09054527263632
2.08754377188594
2.08454227113557
2.08154077038519
2.07853926963482
2.07553776888444
2.07253626813407
2.06953476738369
2.06653326663332
2.06353176588294
2.06053026513257
2.05752876438219
2.05452726363182
2.05152576288144
2.04852426213107
2.04552276138069
2.04252126063032
2.03951975987994
2.03651825912957
2.03351675837919
2.03051525762881
2.02751375687844
2.02451225612806
2.02151075537769
2.01850925462731
2.01550775387694
2.01250625312656
2.00950475237619
2.00650325162581
2.00350175087544
2.00050025012506
1.99749874937469
1.99449724862431
1.99149574787394
1.98849424712356
1.98549274637319
1.98249124562281
1.97948974487244
1.97648824412206
1.97348674337169
1.97048524262131
1.96748374187094
1.96448224112056
1.96148074037019
1.95847923961981
1.95547773886943
1.95247623811906
1.94947473736868
1.94647323661831
1.94347173586793
1.94047023511756
1.93746873436718
1.93446723361681
1.93146573286643
1.92846423211606
1.92546273136568
1.92246123061531
1.91945972986493
1.91645822911456
1.91345672836418
1.91045522761381
1.90745372686343
1.90445222611306
1.90145072536268
1.89844922461231
1.89544772386193
1.89244622311156
1.88944472236118
1.88644322161081
1.88344172086043
1.88044022011006
1.87743871935968
1.87443721860930
1.87143571785893
1.86843421710855
1.86543271635818
1.86243121560780
1.85942971485743
1.85642821410705
1.85342671335668
1.85042521260630
1.84742371185593
1.84442221110555
1.84142071035518
1.83841920960480
1.83541770885443
1.83241620810405
1.82941470735368
1.82641320660330
1.82341170585293
1.82041020510255
1.81740870435218
1.81440720360180
1.81140570285143
1.80840420210105
1.80540270135068
1.80240120060030
1.79939969984992
1.79639819909955
1.79339669834917
1.79039519759880
1.78739369684842
1.78439219609805
1.78139069534767
1.77838919459730
1.77538769384692
1.77238619309655
1.76938469234617
1.76638319159580
1.76338169084542
1.76038019009505
1.75737868934467
1.75437718859430
1.75137568784392
1.74837418709355
1.74537268634317
1.74237118559280
1.73936968484242
1.73636818409205
1.73336668334167
1.73036518259130
1.72736368184092
1.72436218109055
1.72136068034017
1.71835917958980
1.71535767883942
1.71235617808904
1.70935467733867
1.70635317658829
1.70335167583792
1.70035017508754
1.69734867433717
1.69434717358679
1.69134567283642
1.68834417208604
1.68534267133567
1.68234117058529
1.67933966983492
1.67633816908454
1.67333666833417
1.67033516758379
1.66733366683342
1.66433216608304
1.66133066533267
1.65832916458229
1.65532766383192
1.65232616308154
1.64932466233117
1.64632316158079
1.64332166083042
1.64032016008004
1.63731865932967
1.63431715857929
1.63131565782891
1.62831415707854
1.62531265632816
1.62231115557779
1.61930965482741
1.61630815407704
1.61330665332666
1.61030515257629
1.60730365182591
1.60430215107554
1.60130065032516
1.59829914957479
1.59529764882441
1.59229614807404
1.58929464732366
1.58629314657329
1.58329164582291
1.58029014507254
1.57728864432216
1.57428714357179
1.57128564282141
1.56828414207104
1.56528264132066
1.56228114057029
1.55927963981991
1.55627813906953
1.55327663831916
1.55027513756878
1.54727363681841
1.54427213606803
1.54127063531766
1.53826913456728
1.53526763381691
1.53226613306653
1.52926463231616
1.52626313156578
1.52326163081541
1.52026013006503
1.51725862931466
1.51425712856428
1.51125562781391
1.50825412706353
1.50525262631316
1.50225112556278
1.49924962481241
1.49624812406203
1.49324662331166
1.49024512256128
1.48724362181091
1.48424212106053
1.48124062031016
1.47823911955978
1.47523761880940
1.47223611805903
1.46923461730865
1.46623311655828
1.46323161580790
1.46023011505753
1.45722861430715
1.45422711355678
1.45122561280640
1.44822411205603
1.44522261130565
1.44222111055528
1.43921960980490
1.43621810905453
1.43321660830415
1.43021510755378
1.42721360680340
1.42421210605303
1.42121060530265
1.41820910455228
1.41520760380190
1.41220610305153
1.40920460230115
1.40620310155078
1.40320160080040
1.40020010005003
1.39719859929965
1.39419709854927
1.39119559779890
1.38819409704852
1.38519259629815
1.38219109554777
1.37918959479740
1.37618809404702
1.37318659329665
1.37018509254627
1.36718359179590
1.36418209104552
1.36118059029515
1.35817908954477
1.35517758879440
1.35217608804402
1.34917458729365
1.34617308654327
1.34317158579290
1.34017008504252
1.33716858429215
1.33416708354177
1.33116558279140
1.32816408204102
1.32516258129065
1.32216108054027
1.31915957978990
1.31615807903952
1.31315657828914
1.31015507753877
1.30715357678839
1.30415207603802
1.30115057528764
1.29814907453727
1.29514757378689
1.29214607303652
1.28914457228614
1.28614307153577
1.28314157078539
1.28014007003502
1.27713856928464
1.27413706853427
1.27113556778389
1.26813406703352
1.26513256628314
1.26213106553277
1.25912956478239
1.25612806403202
1.25312656328164
1.25012506253127
1.24712356178089
1.24412206103052
1.24112056028014
1.23811905952976
1.23511755877939
1.23211605802901
1.22911455727864
1.22611305652826
1.22311155577789
1.22011005502751
1.21710855427714
1.21410705352676
1.21110555277639
1.20810405202601
1.20510255127564
1.20210105052526
1.19909954977489
1.19609804902451
1.19309654827414
1.19009504752376
1.18709354677339
1.18409204602301
1.18109054527264
1.17808904452226
1.17508754377189
1.17208604302151
1.16908454227114
1.16608304152076
1.16308154077039
1.16008004002001
1.15707853926963
1.15407703851926
1.15107553776888
1.14807403701851
1.14507253626813
1.14207103551776
1.13906953476738
1.13606803401701
1.13306653326663
1.13006503251626
1.12706353176588
1.12406203101551
1.12106053026513
1.11805902951476
1.11505752876438
1.11205602801401
1.10905452726363
1.10605302651326
1.10305152576288
1.10005002501251
1.09704852426213
1.09404702351176
1.09104552276138
1.08804402201101
1.08504252126063
1.08204102051026
1.07903951975988
1.07603801900950
1.07303651825913
1.07003501750875
1.06703351675838
1.06403201600800
1.06103051525763
1.05802901450725
1.05502751375688
1.05202601300650
1.04902451225613
1.04602301150575
1.04302151075538
1.04002001000500
1.03701850925463
1.03401700850425
1.03101550775388
1.02801400700350
1.02501250625313
1.02201100550275
1.01900950475238
1.01600800400200
1.01300650325163
1.01000500250125
1.00700350175088
1.00400200100050
1.00100050025013
0.997998999499750
0.994997498749375
0.991995997999000
0.988994497248624
0.985992996498249
0.982991495747874
0.979989994997499
0.976988494247124
0.973986993496748
0.970985492746373
0.967983991995998
0.964982491245623
0.961980990495248
0.958979489744873
0.955977988994497
0.952976488244122
0.949974987493747
0.946973486743372
0.943971985992997
0.940970485242621
0.937968984492246
0.934967483741871
0.931965982991496
0.928964482241121
0.925962981490745
0.922961480740370
0.919959979989995
0.916958479239620
0.913956978489245
0.910955477738869
0.907953976988494
0.904952476238119
0.901950975487744
0.898949474737369
0.895947973986993
0.892946473236618
0.889944972486243
0.886943471735868
0.883941970985493
0.880940470235117
0.877938969484742
0.874937468734367
0.871935967983992
0.868934467233617
0.865932966483242
0.862931465732867
0.859929964982491
0.856928464232116
0.853926963481741
0.850925462731366
0.847923961980991
0.844922461230615
0.841920960480240
0.838919459729865
0.835917958979490
0.832916458229115
0.829914957478739
0.826913456728364
0.823911955977989
0.820910455227614
0.817908954477239
0.814907453726864
0.811905952976488
0.808904452226113
0.805902951475738
0.802901450725363
0.799899949974988
0.796898449224612
0.793896948474237
0.790895447723862
0.787893946973487
0.784892446223112
0.781890945472736
0.778889444722361
0.775887943971986
0.772886443221611
0.769884942471236
0.766883441720860
0.763881940970485
0.760880440220110
0.757878939469735
0.754877438719360
0.751875937968984
0.748874437218609
0.745872936468234
0.742871435717859
0.739869934967484
0.736868434217108
0.733866933466733
0.730865432716358
0.727863931965983
0.724862431215608
0.721860930465233
0.718859429714858
0.715857928964482
0.712856428214107
0.709854927463732
0.706853426713357
0.703851925962982
0.700850425212606
0.697848924462231
0.694847423711856
0.691845922961481
0.688844422211106
0.685842921460730
0.682841420710355
0.679839919959980
0.676838419209605
0.673836918459230
0.670835417708855
0.667833916958479
0.664832416208104
0.661830915457729
0.658829414707354
0.655827913956979
0.652826413206603
0.649824912456228
0.646823411705853
0.643821910955478
0.640820410205103
0.637818909454727
0.634817408704352
0.631815907953977
0.628814407203602
0.625812906453227
0.622811405702851
0.619809904952476
0.616808404202101
0.613806903451726
0.610805402701351
0.607803901950975
0.604802401200600
0.601800900450225
0.598799399699850
0.595797898949475
0.592796398199099
0.589794897448724
0.586793396698349
0.583791895947974
0.580790395197599
0.577788894447224
0.574787393696849
0.571785892946473
0.568784392196098
0.565782891445723
0.562781390695348
0.559779889944973
0.556778389194597
0.553776888444222
0.550775387693847
0.547773886943472
0.544772386193097
0.541770885442722
0.538769384692346
0.535767883941971
0.532766383191596
0.529764882441221
0.526763381690846
0.523761880940470
0.520760380190095
0.517758879439720
0.514757378689345
0.511755877938970
0.508754377188594
0.505752876438219
0.502751375687844
0.499749874937469
0.496748374187094
0.493746873436718
0.490745372686343
0.487743871935968
0.484742371185593
0.481740870435218
0.478739369684842
0.475737868934467
0.472736368184092
0.469734867433717
0.466733366683342
0.463731865932966
0.460730365182591
0.457728864432216
0.454727363681841
0.451725862931466
0.448724362181090
0.445722861430715
0.442721360680340
0.439719859929965
0.436718359179590
0.433716858429215
0.430715357678840
0.427713856928464
0.424712356178089
0.421710855427714
0.418709354677339
0.415707853926964
0.412706353176588
0.409704852426213
0.406703351675838
0.403701850925463
0.400700350175088
0.397698849424712
0.394697348674337
0.391695847923962
0.388694347173587
0.385692846423212
0.382691345672836
0.379689844922461
0.376688344172086
0.373686843421711
0.370685342671336
0.367683841920961
0.364682341170585
0.361680840420210
0.358679339669835
0.355677838919460
0.352676338169085
0.349674837418709
0.346673336668334
0.343671835917959
0.340670335167584
0.337668834417209
0.334667333666833
0.331665832916458
0.328664332166083
0.325662831415708
0.322661330665333
0.319659829914957
0.316658329164582
0.313656828414207
0.310655327663832
0.307653826913457
0.304652326163081
0.301650825412706
0.298649324662331
0.295647823911956
0.292646323161581
0.289644822411206
0.286643321660831
0.283641820910455
0.280640320160080
0.277638819409705
0.274637318659330
0.271635817908955
0.268634317158579
0.265632816408204
0.262631315657829
0.259629814907454
0.256628314157079
0.253626813406703
0.250625312656328
0.247623811905953
0.244622311155578
0.241620810405203
0.238619309654827
0.235617808904452
0.232616308154077
0.229614807403702
0.226613306653327
0.223611805902952
0.220610305152576
0.217608804402201
0.214607303651826
0.211605802901451
0.208604302151076
0.205602801400700
0.202601300650325
0.199599799899950
0.196598299149575
0.193596798399200
0.190595297648824
0.187593796898449
0.184592296148074
0.181590795397699
0.178589294647324
0.175587793896948
0.172586293146573
0.169584792396198
0.166583291645823
0.163581790895448
0.160580290145072
0.157578789394697
0.154577288644322
0.151575787893947
0.148574287143572
0.145572786393197
0.142571285642822
0.139569784892446
0.136568284142071
0.133566783391696
0.130565282641321
0.127563781890946
0.124562281140570
0.121560780390195
0.118559279639820
0.115557778889445
0.112556278139070
0.109554777388694
0.106553276638319
0.103551775887944
0.100550275137569
0.0975487743871937
0.0945472736368185
0.0915457728864433
0.0885442721360681
0.0855427713856929
0.0825412706353177
0.0795397698849425
0.0765382691345673
0.0735367683841921
0.0705352676338169
0.0675337668834417
0.0645322661330665
0.0615307653826913
0.0585292646323161
0.0555277638819409
0.0525262631315657
0.0495247623811905
0.0465232616308153
0.0435217608804401
0.0405202601300649
0.0375187593796897
0.0345172586293145
0.0315157578789393
0.0285142571285641
0.0255127563781890
0.0225112556278138
0.0195097548774386
0.0165082541270634
0.0135067533766882
0.0105052526263130
0.00750375187593777
0.00450225112556257
0.00150075037518738
-0.00150075037518738
-0.00450225112556257
-0.00750375187593777
-0.0105052526263130
-0.0135067533766882
-0.0165082541270634
-0.0195097548774386
-0.0225112556278138
-0.0255127563781890
-0.0285142571285641
-0.0315157578789393
-0.0345172586293145
-0.0375187593796897
-0.0405202601300649
-0.0435217608804401
-0.0465232616308153
-0.0495247623811905
-0.0525262631315657
-0.0555277638819409
-0.0585292646323161
-0.0615307653826913
-0.0645322661330665
-0.0675337668834417
-0.0705352676338169
-0.0735367683841921
-0.0765382691345673
-0.0795397698849425
-0.0825412706353177
-0.0855427713856929
-0.0885442721360681
-0.0915457728864433
-0.0945472736368185
-0.0975487743871937
-0.100550275137569
-0.103551775887944
-0.106553276638319
-0.109554777388694
-0.112556278139070
-0.115557778889445
-0.118559279639820
-0.121560780390195
-0.124562281140570
-0.127563781890946
-0.130565282641321
-0.133566783391696
-0.136568284142071
-0.139569784892446
-0.142571285642822
-0.145572786393197
-0.148574287143572
-0.151575787893947
-0.154577288644322
-0.157578789394697
-0.160580290145072
-0.163581790895448
-0.166583291645823
-0.169584792396198
-0.172586293146573
-0.175587793896948
-0.178589294647324
-0.181590795397699
-0.184592296148074
-0.187593796898449
-0.190595297648824
-0.193596798399200
-0.196598299149575
-0.199599799899950
-0.202601300650325
-0.205602801400700
-0.208604302151076
-0.211605802901451
-0.214607303651826
-0.217608804402201
-0.220610305152576
-0.223611805902952
-0.226613306653327
-0.229614807403702
-0.232616308154077
-0.235617808904452
-0.238619309654827
-0.241620810405203
-0.244622311155578
-0.247623811905953
-0.250625312656328
-0.253626813406703
-0.256628314157079
-0.259629814907454
-0.262631315657829
-0.265632816408204
-0.268634317158579
-0.271635817908955
-0.274637318659330
-0.277638819409705
-0.280640320160080
-0.283641820910455
-0.286643321660831
-0.289644822411206
-0.292646323161581
-0.295647823911956
-0.298649324662331
-0.301650825412706
-0.304652326163081
-0.307653826913457
-0.310655327663832
-0.313656828414207
-0.316658329164582
-0.319659829914957
-0.322661330665333
-0.325662831415708
-0.328664332166083
-0.331665832916458
-0.334667333666833
-0.337668834417209
-0.340670335167584
-0.343671835917959
-0.346673336668334
-0.349674837418709
-0.352676338169085
-0.355677838919460
-0.358679339669835
-0.361680840420210
-0.364682341170585
-0.367683841920961
-0.370685342671336
-0.373686843421711
-0.376688344172086
-0.379689844922461
-0.382691345672836
-0.385692846423212
-0.388694347173587
-0.391695847923962
-0.394697348674337
-0.397698849424712
-0.400700350175088
-0.403701850925463
-0.406703351675838
-0.409704852426213
-0.412706353176588
-0.415707853926964
-0.418709354677339
-0.421710855427714
-0.424712356178089
-0.427713856928464
-0.430715357678840
-0.433716858429215
-0.436718359179590
-0.439719859929965
-0.442721360680340
-0.445722861430715
-0.448724362181090
-0.451725862931466
-0.454727363681841
-0.457728864432216
-0.460730365182591
-0.463731865932966
-0.466733366683342
-0.469734867433717
-0.472736368184092
-0.475737868934467
-0.478739369684842
-0.481740870435218
-0.484742371185593
-0.487743871935968
-0.490745372686343
-0.493746873436718
-0.496748374187094
-0.499749874937469
-0.502751375687844
-0.505752876438219
-0.508754377188594
-0.511755877938970
-0.514757378689345
-0.517758879439720
-0.520760380190095
-0.523761880940470
-0.526763381690846
-0.529764882441221
-0.532766383191596
-0.535767883941971
-0.538769384692346
-0.541770885442722
-0.544772386193097
-0.547773886943472
-0.550775387693847
-0.553776888444222
-0.556778389194597
-0.559779889944973
-0.562781390695348
-0.565782891445723
-0.568784392196098
-0.571785892946473
-0.574787393696849
-0.577788894447224
-0.580790395197599
-0.583791895947974
-0.586793396698349
-0.589794897448724
-0.592796398199099
-0.595797898949475
-0.598799399699850
-0.601800900450225
-0.604802401200600
-0.607803901950975
-0.610805402701351
-0.613806903451726
-0.616808404202101
-0.619809904952476
-0.622811405702851
-0.625812906453227
-0.628814407203602
-0.631815907953977
-0.634817408704352
-0.637818909454727
-0.640820410205103
-0.643821910955478
-0.646823411705853
-0.649824912456228
-0.652826413206603
-0.655827913956979
-0.658829414707354
-0.661830915457729
-0.664832416208104
-0.667833916958479
-0.670835417708855
-0.673836918459230
-0.676838419209605
-0.679839919959980
-0.682841420710355
-0.685842921460730
-0.688844422211106
-0.691845922961481
-0.694847423711856
-0.697848924462231
-0.700850425212606
-0.703851925962982
-0.706853426713357
-0.709854927463732
-0.712856428214107
-0.715857928964482
-0.718859429714858
-0.721860930465233
-0.724862431215608
-0.727863931965983
-0.730865432716358
-0.733866933466733
-0.736868434217108
-0.739869934967484
-0.742871435717859
-0.745872936468234
-0.748874437218609
-0.751875937968984
-0.754877438719360
-0.757878939469735
-0.760880440220110
-0.763881940970485
-0.766883441720860
-0.769884942471236
-0.772886443221611
-0.775887943971986
-0.778889444722361
-0.781890945472736
-0.784892446223112
-0.787893946973487
-0.790895447723862
-0.793896948474237
-0.796898449224612
-0.799899949974988
-0.802901450725363
-0.805902951475738
-0.808904452226113
-0.811905952976488
-0.814907453726864
-0.817908954477239
-0.820910455227614
-0.823911955977989
-0.826913456728364
-0.829914957478739
-0.832916458229115
-0.835917958979490
-0.838919459729865
-0.841920960480240
-0.844922461230615
-0.847923961980991
-0.850925462731366
-0.853926963481741
-0.856928464232116
-0.859929964982491
-0.862931465732867
-0.865932966483242
-0.868934467233617
-0.871935967983992
-0.874937468734367
-0.877938969484742
-0.880940470235117
-0.883941970985493
-0.886943471735868
-0.889944972486243
-0.892946473236618
-0.895947973986993
-0.898949474737369
-0.901950975487744
-0.904952476238119
-0.907953976988494
-0.910955477738869
-0.913956978489245
-0.916958479239620
-0.919959979989995
-0.922961480740370
-0.925962981490745
-0.928964482241121
-0.931965982991496
-0.934967483741871
-0.937968984492246
-0.940970485242621
-0.943971985992997
-0.946973486743372
-0.949974987493747
-0.952976488244122
-0.955977988994497
-0.958979489744873
-0.961980990495248
-0.964982491245623
-0.967983991995998
-0.970985492746373
-0.973986993496748
-0.976988494247124
-0.979989994997499
-0.982991495747874
-0.985992996498249
-0.988994497248624
-0.991995997999000
-0.994997498749375
-0.997998999499750
-1.00100050025013
-1.00400200100050
-1.00700350175088
-1.01000500250125
-1.01300650325163
-1.01600800400200
-1.01900950475238
-1.02201100550275
-1.02501250625313
-1.02801400700350
-1.03101550775388
-1.03401700850425
-1.03701850925463
-1.04002001000500
-1.04302151075538
-1.04602301150575
-1.04902451225613
-1.05202601300650
-1.05502751375688
-1.05802901450725
-1.06103051525763
-1.06403201600800
-1.06703351675838
-1.07003501750875
-1.07303651825913
-1.07603801900950
-1.07903951975988
-1.08204102051026
-1.08504252126063
-1.08804402201101
-1.09104552276138
-1.09404702351176
-1.09704852426213
-1.10005002501251
-1.10305152576288
-1.10605302651326
-1.10905452726363
-1.11205602801401
-1.11505752876438
-1.11805902951476
-1.12106053026513
-1.12406203101551
-1.12706353176588
-1.13006503251626
-1.13306653326663
-1.13606803401701
-1.13906953476738
-1.14207103551776
-1.14507253626813
-1.14807403701851
-1.15107553776888
-1.15407703851926
-1.15707853926963
-1.16008004002001
-1.16308154077039
-1.16608304152076
-1.16908454227114
-1.17208604302151
-1.17508754377189
-1.17808904452226
-1.18109054527264
-1.18409204602301
-1.18709354677339
-1.19009504752376
-1.19309654827414
-1.19609804902451
-1.19909954977489
-1.20210105052526
-1.20510255127564
-1.20810405202601
-1.21110555277639
-1.21410705352676
-1.21710855427714
-1.22011005502751
-1.22311155577789
-1.22611305652826
-1.22911455727864
-1.23211605802901
-1.23511755877939
-1.23811905952976
-1.24112056028014
-1.24412206103052
-1.24712356178089
-1.25012506253127
-1.25312656328164
-1.25612806403202
-1.25912956478239
-1.26213106553277
-1.26513256628314
-1.26813406703352
-1.27113556778389
-1.27413706853427
-1.27713856928464
-1.28014007003502
-1.28314157078539
-1.28614307153577
-1.28914457228614
-1.29214607303652
-1.29514757378689
-1.29814907453727
-1.30115057528764
-1.30415207603802
-1.30715357678839
-1.31015507753877
-1.31315657828914
-1.31615807903952
-1.31915957978990
-1.32216108054027
-1.32516258129065
-1.32816408204102
-1.33116558279140
-1.33416708354177
-1.33716858429215
-1.34017008504252
-1.34317158579290
-1.34617308654327
-1.34917458729365
-1.35217608804402
-1.35517758879440
-1.35817908954477
-1.36118059029515
-1.36418209104552
-1.36718359179590
-1.37018509254627
-1.37318659329665
-1.37618809404702
-1.37918959479740
-1.38219109554777
-1.38519259629815
-1.38819409704852
-1.39119559779890
-1.39419709854927
-1.39719859929965
-1.40020010005003
-1.40320160080040
-1.40620310155078
-1.40920460230115
-1.41220610305153
-1.41520760380190
-1.41820910455228
-1.42121060530265
-1.42421210605303
-1.42721360680340
-1.43021510755378
-1.43321660830415
-1.43621810905453
-1.43921960980490
-1.44222111055528
-1.44522261130565
-1.44822411205603
-1.45122561280640
-1.45422711355678
-1.45722861430715
-1.46023011505753
-1.46323161580790
-1.46623311655828
-1.46923461730865
-1.47223611805903
-1.47523761880940
-1.47823911955978
-1.48124062031016
-1.48424212106053
-1.48724362181091
-1.49024512256128
-1.49324662331166
-1.49624812406203
-1.49924962481241
-1.50225112556278
-1.50525262631316
-1.50825412706353
-1.51125562781391
-1.51425712856428
-1.51725862931466
-1.52026013006503
-1.52326163081541
-1.52626313156578
-1.52926463231616
-1.53226613306653
-1.53526763381691
-1.53826913456728
-1.54127063531766
-1.54427213606803
-1.54727363681841
-1.55027513756878
-1.55327663831916
-1.55627813906953
-1.55927963981991
-1.56228114057029
-1.56528264132066
-1.56828414207104
-1.57128564282141
-1.57428714357179
-1.57728864432216
-1.58029014507254
-1.58329164582291
-1.58629314657329
-1.58929464732366
-1.59229614807404
-1.59529764882441
-1.59829914957479
-1.60130065032516
-1.60430215107554
-1.60730365182591
-1.61030515257629
-1.61330665332666
-1.61630815407704
-1.61930965482741
-1.62231115557779
-1.62531265632816
-1.62831415707854
-1.63131565782891
-1.63431715857929
-1.63731865932967
-1.64032016008004
-1.64332166083042
-1.64632316158079
-1.64932466233117
-1.65232616308154
-1.65532766383192
-1.65832916458229
-1.66133066533267
-1.66433216608304
-1.66733366683342
-1.67033516758379
-1.67333666833417
-1.67633816908454
-1.67933966983492
-1.68234117058529
-1.68534267133567
-1.68834417208604
-1.69134567283642
-1.69434717358679
-1.69734867433717
-1.70035017508754
-1.70335167583792
-1.70635317658829
-1.70935467733867
-1.71235617808904
-1.71535767883942
-1.71835917958980
-1.72136068034017
-1.72436218109055
-1.72736368184092
-1.73036518259130
-1.73336668334167
-1.73636818409205
-1.73936968484242
-1.74237118559280
-1.74537268634317
-1.74837418709355
-1.75137568784392
-1.75437718859430
-1.75737868934467
-1.76038019009505
-1.76338169084542
-1.76638319159580
-1.76938469234617
-1.77238619309655
-1.77538769384692
-1.77838919459730
-1.78139069534767
-1.78439219609805
-1.78739369684842
-1.79039519759880
-1.79339669834917
-1.79639819909955
-1.79939969984992
-1.80240120060030
-1.80540270135068
-1.80840420210105
-1.81140570285143
-1.81440720360180
-1.81740870435218
-1.82041020510255
-1.82341170585293
-1.82641320660330
-1.82941470735368
-1.83241620810405
-1.83541770885443
-1.83841920960480
-1.84142071035518
-1.84442221110555
-1.84742371185593
-1.85042521260630
-1.85342671335668
-1.85642821410705
-1.85942971485743
-1.86243121560780
-1.86543271635818
-1.86843421710855
-1.87143571785893
-1.87443721860930
-1.87743871935968
-1.88044022011006
-1.88344172086043
-1.88644322161081
-1.88944472236118
-1.89244622311156
-1.89544772386193
-1.89844922461231
-1.90145072536268
-1.90445222611306
-1.90745372686343
-1.91045522761381
-1.91345672836418
-1.91645822911456
-1.91945972986493
-1.92246123061531
-1.92546273136568
-1.92846423211606
-1.93146573286643
-1.93446723361681
-1.93746873436718
-1.94047023511756
-1.94347173586793
-1.94647323661831
-1.94947473736868
-1.95247623811906
-1.95547773886943
-1.95847923961981
-1.96148074037019
-1.96448224112056
-1.96748374187094
-1.97048524262131
-1.97348674337169
-1.97648824412206
-1.97948974487244
-1.98249124562281
-1.98549274637319
-1.98849424712356
-1.99149574787394
-1.99449724862431
-1.99749874937469
-2.00050025012506
-2.00350175087544
-2.00650325162581
-2.00950475237619
-2.01250625312656
-2.01550775387694
-2.01850925462731
-2.02151075537769
-2.02451225612806
-2.02751375687844
-2.03051525762881
-2.03351675837919
-2.03651825912957
-2.03951975987994
-2.04252126063032
-2.04552276138069
-2.04852426213107
-2.05152576288144
-2.05452726363182
-2.05752876438219
-2.06053026513257
-2.06353176588294
-2.06653326663332
-2.06953476738369
-2.07253626813407
-2.07553776888444
-2.07853926963482
-2.08154077038519
-2.08454227113557
-2.08754377188594
-2.09054527263632
-2.09354677338669
-2.09654827413707
-2.09954977488744
-2.10255127563782
-2.10555277638819
-2.10855427713857
-2.11155577788894
-2.11455727863932
-2.11755877938970
-2.12056028014007
-2.12356178089045
-2.12656328164082
-2.12956478239120
-2.13256628314157
-2.13556778389195
-2.13856928464232
-2.14157078539270
-2.14457228614307
-2.14757378689345
-2.15057528764382
-2.15357678839420
-2.15657828914457
-2.15957978989495
-2.16258129064532
-2.16558279139570
-2.16858429214607
-2.17158579289645
-2.17458729364682
-2.17758879439720
-2.18059029514757
-2.18359179589795
-2.18659329664832
-2.18959479739870
-2.19259629814907
-2.19559779889945
-2.19859929964982
-2.20160080040020
-2.20460230115058
-2.20760380190095
-2.21060530265133
-2.21360680340170
-2.21660830415208
-2.21960980490245
-2.22261130565283
-2.22561280640320
-2.22861430715358
-2.23161580790395
-2.23461730865433
-2.23761880940470
-2.24062031015508
-2.24362181090545
-2.24662331165583
-2.24962481240620
-2.25262631315658
-2.25562781390695
-2.25862931465733
-2.26163081540770
-2.26463231615808
-2.26763381690845
-2.27063531765883
-2.27363681840920
-2.27663831915958
-2.27963981990996
-2.28264132066033
-2.28564282141071
-2.28864432216108
-2.29164582291146
-2.29464732366183
-2.29764882441221
-2.30065032516258
-2.30365182591296
-2.30665332666333
-2.30965482741371
-2.31265632816408
-2.31565782891446
-2.31865932966483
-2.32166083041521
-2.32466233116558
-2.32766383191596
-2.33066533266633
-2.33366683341671
-2.33666833416708
-2.33966983491746
-2.34267133566783
-2.34567283641821
-2.34867433716858
-2.35167583791896
-2.35467733866934
-2.35767883941971
-2.36068034017009
-2.36368184092046
-2.36668334167084
-2.36968484242121
-2.37268634317159
-2.37568784392196
-2.37868934467234
-2.38169084542271
-2.38469234617309
-2.38769384692346
-2.39069534767384
-2.39369684842421
-2.39669834917459
-2.39969984992496
-2.40270135067534
-2.40570285142571
-2.40870435217609
-2.41170585292646
-2.41470735367684
-2.41770885442721
-2.42071035517759
-2.42371185592796
-2.42671335667834
-2.42971485742871
-2.43271635817909
-2.43571785892947
-2.43871935967984
-2.44172086043022
-2.44472236118059
-2.44772386193097
-2.45072536268134
-2.45372686343172
-2.45672836418209
-2.45972986493247
-2.46273136568284
-2.46573286643322
-2.46873436718359
-2.47173586793397
-2.47473736868434
-2.47773886943472
-2.48074037018509
-2.48374187093547
-2.48674337168584
-2.48974487243622
-2.49274637318659
-2.49574787393697
-2.49874937468734
-2.50175087543772
-2.50475237618809
-2.50775387693847
-2.51075537768884
-2.51375687843922
-2.51675837918959
-2.51975987993997
-2.52276138069035
-2.52576288144072
-2.52876438219110
-2.53176588294147
-2.53476738369185
-2.53776888444222
-2.54077038519260
-2.54377188594297
-2.54677338669335
-2.54977488744372
-2.55277638819410
-2.55577788894447
-2.55877938969485
-2.56178089044522
-2.56478239119560
-2.56778389194597
-2.57078539269635
-2.57378689344672
-2.57678839419710
-2.57978989494747
-2.58279139569785
-2.58579289644822
-2.58879439719860
-2.59179589794897
-2.59479739869935
-2.59779889944973
-2.60080040020010
-2.60380190095048
-2.60680340170085
-2.60980490245123
-2.61280640320160
-2.61580790395198
-2.61880940470235
-2.62181090545273
-2.62481240620310
-2.62781390695348
-2.63081540770385
-2.63381690845423
-2.63681840920460
-2.63981990995498
-2.64282141070535
-2.64582291145573
-2.64882441220610
-2.65182591295648
-2.65482741370685
-2.65782891445723
-2.66083041520760
-2.66383191595798
-2.66683341670835
-2.66983491745873
-2.67283641820910
-2.67583791895948
-2.67883941970986
-2.68184092046023
-2.68484242121061
-2.68784392196098
-2.69084542271136
-2.69384692346173
-2.69684842421211
-2.69984992496248
-2.70285142571286
-2.70585292646323
-2.70885442721361
-2.71185592796398
-2.71485742871436
-2.71785892946473
-2.72086043021511
-2.72386193096548
-2.72686343171586
-2.72986493246623
-2.73286643321661
-2.73586793396698
-2.73886943471736
-2.74187093546773
-2.74487243621811
-2.74787393696848
-2.75087543771886
-2.75387693846923
-2.75687843921961
-2.75987993996999
-2.76288144072036
-2.76588294147074
-2.76888444222111
-2.77188594297149
-2.77488744372186
-2.77788894447224
-2.78089044522261
-2.78389194597299
-2.78689344672336
-2.78989494747374
-2.79289644822411
-2.79589794897449
-2.79889944972486
-2.80190095047524
-2.80490245122561
-2.80790395197599
-2.81090545272636
-2.81390695347674
-2.81690845422711
-2.81990995497749
-2.82291145572786
-2.82591295647824
-2.82891445722861
-2.83191595797899
-2.83491745872936
-2.83791895947974
-2.84092046023012
-2.84392196098049
-2.84692346173087
-2.84992496248124
-2.85292646323162
-2.85592796398199
-2.85892946473237
-2.86193096548274
-2.86493246623312
-2.86793396698349
-2.87093546773387
-2.87393696848424
-2.87693846923462
-2.87993996998499
-2.88294147073537
-2.88594297148574
-2.88894447223612
-2.89194597298649
-2.89494747373687
-2.89794897448724
-2.90095047523762
-2.90395197598799
-2.90695347673837
-2.90995497748874
-2.91295647823912
-2.91595797898950
-2.91895947973987
-2.92196098049025
-2.92496248124062
-2.92796398199100
-2.93096548274137
-2.93396698349175
-2.93696848424212
-2.93996998499250
-2.94297148574287
-2.94597298649325
-2.94897448724362
-2.95197598799400
-2.95497748874437
-2.95797898949475
-2.96098049024512
-2.96398199099550
-2.96698349174587
-2.96998499249625
-2.97298649324662
-2.97598799399700
-2.97898949474737
-2.98199099549775
-2.98499249624812
-2.98799399699850
-2.99099549774887
-2.99399699849925
-2.99699849924963
-3